Run semi-empirical minimization
 &qmmm
    qm_theory='AM1', grms_tol=0.0005,
 scfconv=1.d-10, ndiis_attempts=700,   qmcharge=0,
 /
   6    CB        1.4330       -1.3350        2.0450 
   6    CA        1.3640       -0.5710        0.7330 
   7     N       -0.0370       -0.5050        0.3650 
   6     C        1.9100        0.8040        0.8770 
   8     O        3.0560        0.9900        1.1770 
   1   HB1        2.4010       -1.2030        2.5500 
   1   HB2        1.1840       -2.3860        1.8160 
   1   HB3        0.5750       -0.9520        2.6660 
   1    HA        1.9350       -1.1090       -0.0430 
   1    H2       -0.4770        0.2240        0.9510 
   1    H3       -0.4510       -1.4330        0.6170 
   6    C1        1.0140        1.9880        0.6430 
   1   H11        0.4640        1.8260       -0.2900 
   1   H12        1.6130        2.9160        0.5990 
   1   H13        0.3070        2.0450        1.5020 

